1954608646639485290
1954608486051954978
1954608346868125777
1954607032171888818
1954606894108090477
1954606648376348778
1954606336831869191
1954606078265860382
1954606057780842644
1954605918131253590
1954611815658266981
1954611203495305623
1954610471190856164
1954609928481468705
1954609762219237798
1954609260207194616
1954609089385828807
1954608798242681318
1954607320765510010
1954615586740445657
1954614297998528569
1954614276704071690
1954614073481715876
1954613499394457904
1954612865333137508
1954612295385899030
1954612184774033505
1954611919412752588
1954611771525738794
1954619908802662625
1954619828121084297
1954619583794679826
1954619488961265711
1954619353988509880
1954619322518630911
1954618944075235436
1954618753167282194
1954618696724267362
1954618693482148288
